test miou on 500 

Overall Acc:     0.8548921813668252
Mean Acc :       0.6972741499390156
FreqW Acc :      0.7566900668920742
Mean IoU :       0.5885526448950497
0 0.5192003411120574
1 0.5337921020160175
2 0.6855941070041076
3 0.6811496932212059
4 0.43414110972456854
5 0.5727341567455578
6 0.3902476692720595
7 0.38885465767070254
8 0.8147928808490397
9 0.5586168897639997
10 0.9477160692669261
11 0.5750909434303123
12 0.8742923981605856
13 0.6667339343794372
14 0.1510215256151398
15 0.7010919529497777
16 0.5478096723408281
17 0.6462497337948699
18 0.4933704156887511